4,3
4,2
4,1
4,0
3,6
3,5
3,4
3,3
3,2
3,1
3,0
2,3
2,2
2,1
2,0
1,3
1,2
1,1
1,0
0,243
0,409
0,9
0,310
0,305
0,347
0,308
0,304
0,303
0,302
0,307
0,12
0,438
0,10
0,8
0,0
0,437
0,300
0,374
0,299
0,399
0,298
0,386
0,297
0,366
0,296
0,430
0,295
0,372
0,294
0,355
0,293
0,380
0,292
0,316
0,291
0,319
0,290
0,422
0,289
0,396
0,288
0,354
0,287
0,407
0,286
0,393
0,285
0,284
0,353
0,283
0,394
0,282
0,431
0,281
0,323
0,280
0,410
0,279
0,402
0,278
0,277
0,445
0,276
0,436
0,275
0,329
0,274
0,313
0,273
0,363
0,272
0,406
0,271
0,413
0,270
0,348
0,269
0,432
0,268
0,342
0,267
0,428
0,266
0,425
0,265
0,423
0,264
0,378
0,263
0,344
0,262
0,340
0,261
0,365
0,260
0,392
0,259
0,419
0,258
0,358
0,257
0,256
0,387
0,255
0,306
0,254
0,343
0,253
0,369
0,252
0,334
0,251
0,250
0,398
0,249
0,339
0,248
0,346
0,247
0,356
0,246
0,391
0,245
0,421
0,244
0,338
0,242
0,335
0,241
0,360
0,240
0,416
0,239
0,401
0,238
0,327
0,237
0,336
0,236
0,352
0,235
0,388
0,234
0,442
0,233
0,320
0,232
0,332
0,231
0,384
0,230
0,447
0,229
0,318
0,228
0,446
0,227
0,357
0,226
0,326
0,225
0,385
0,224
0,317
0,223
0,351
0,222
0,221
0,376
0,220
0,429
0,219
0,427
0,218
0,390
0,217
0,444
0,216
0,311
0,215
0,441
0,214
0,325
0,213
0,418
0,212
0,312
0,211
0,301
0,210
0,350
0,209
0,349
0,208
0,434
0,207
0,395
0,206
0,333
0,205
0,361
0,204
0,381
0,203
0,379
0,202
0,420
0,201
0,424
0,200
0,415
0,199
0,324
0,198
0,377
0,197
0,373
0,196
0,375
0,195
0,371
0,194
0,370
0,193
0,412
0,192
0,403
0,63
0,433
0,62
